Webots Project File version R2025a
perspectives: 000000ff00000000fd00000001000000010000026c00000432fc0200000002fb0000001400540065007800740045006400690074006f00720100000000000001d40000004500fffffffb0000001a0043006f006e0073006f006c00650041006c006c0041006c006c01000001d60000025c0000003900ffffff0000049a0000043200000001000000020000000100000008fc00000000
simulationViewPerspectives: 000000ff0000000100000002000000fc000004140100000002010000000101
sceneTreePerspectives: 000000ff00000001000000030000001e000000c0000000fa0100000002010000000201
minimizedPerspectives: 000000ff00000000fd00000003000000000000016c00000469fc0200000001fb00000012005300630065006e006500540072006500650100000019000004690000018500ffffff000000010000022e0000036bfc0200000001fb0000001400540065007800740045006400690074006f007201000000190000036b000000ab00ffffff00000003000005cd000000f8fc0100000001fb0000000e0043006f006e0073006f006c00650100000172000005cd0000004e00ffffff000003990000036b00000004000000040000000100000008fc00000000
maximizedDockId: -1
centralWidgetVisible: 1
renderingMode: PLAIN
orthographicViewHeight: 1
textFiles: -1
consoles: Console:All:All
renderingDevicePerspectives: Pioneer 3-DX:kinect color;1;0.875577;0.0206232;0.610279
renderingDevicePerspectives: Pioneer 3-DX:kinect range;0;1;0.00147493;0.0631692
