Webots Project File version R2025a
perspectives: 000000ff00000000fd00000002000000010000011c00000307fc0200000001fb0000001400540065007800740045006400690074006f00720100000000000003070000008a00ffffff0000000300000780000000d9fc0100000001fb0000001a0043006f006e0073006f006c00650041006c006c0041006c006c0100000000000007800000008700ffffff000006620000030700000001000000020000000100000008fc00000000
simulationViewPerspectives: 000000ff0000000100000002000001140000054e0100000002010000000101
sceneTreePerspectives: 000000ff00000001000000030000001e000002ca000000fa0100000002010000000201
minimizedPerspectives: 000000ff00000000fd0000000200000001000001c700000307fc0200000001fb0000001400540065007800740045006400690074006f00720100000000000003070000008a00ffffff0000000300000780000000d9fc0100000001fb0000001a0043006f006e0073006f006c00650041006c006c0041006c006c0100000000000007800000008700ffffff000005b70000030700000001000000020000000100000008fc00000000
maximizedDockId: -1
centralWidgetVisible: 1
orthographicViewHeight: 1
textFiles: 0 "controllers/vehicle_controller/vehicle_controller.py"
consoles: Console:All:All
renderingDevicePerspectives: vehicle:display;1;1;0.0272727;0.266746
renderingDevicePerspectives: vehicle:front_camera;1;1;0.0385411;0.0201448
renderingDevicePerspectives: vehicle:rear_camera;1;1;0.0441942;0.139785
